0,543
0,542
0,541
0,540
656,4
656,3
656,2
656,1
656,0
655,3
655,2
655,1
655,0
650,7
650,6
654,5
654,4
654,3
654,2
654,1
654,0
653,4
653,3
653,2
653,1
653,0
652,3
652,2
652,1
652,0
651,5
651,4
651,3
651,2
651,1
651,0
650,5
650,4
650,3
650,2
650,1
650,0
649,4
649,3
649,2
649,1
649,0
648,3
648,2
648,1
648,0
647,3
647,2
647,1
647,0
0,539
646,4
646,3
646,2
646,1
646,0
645,4
645,3
645,2
645,1
645,0
0,538
644,7
644,6
640,11
640,10
640,9
640,8
0,537
640,7
640,6
0,536
644,5
644,4
644,3
644,2
644,1
644,0
0,535
643,4
643,3
643,2
643,1
643,0
642,3
642,2
642,1
642,0
0,534
641,5
641,4
641,3
641,2
641,1
641,0
640,5
640,4
640,3
640,2
640,1
640,0
0,526
0,525
639,4
639,3
639,2
639,1
639,0
638,3
638,2
638,1
638,0
637,3
637,2
637,1
637,0
636,4
636,3
636,2
636,1
636,0
635,4
635,3
635,2
635,1
635,0
0,520
634,7
634,6
0,519
630,10
630,9
630,8
630,7
630,6
634,5
634,4
634,3
634,2
634,1
634,0
0,509
633,4
633,3
633,2
633,1
633,0
632,3
632,2
632,1
632,0
631,5
631,4
631,3
631,2
631,1
631,0
630,5
630,4
630,3
630,2
630,1
630,0
629,4
629,3
629,2
629,1
629,0
628,3
628,2
628,1
628,0
627,3
627,2
